11
11
13
13
13
15
15
15
17
17
17
19
19
19
21
21
21
23
23
23
23
23
23
23
23
23
21
21
21
21
21
21
19
19
17
17
17
17
17
17
17
13
11
7
7
7
7
5
5
3
3
3
3
3
3
3
3
3
5
5
5
5
5
7
7
7
7
7
9
9
9
11
11
11
11
11
11
11
13
13
13
13
15
19
19
19
19
19
19
17
17
21
21
21
19
19
19
19
19
19
19
19
19
19
19
19
19
19
19
19
19
19
17
17
17
17
15
13
13
11
9
9
7
7
7
7
7
7
7
7
9
7
7
7
9
9
9
9
7
7
7
7
7
7
7
7
7
7
7
7
9
9
9
9
11
11
11
11
11
15
15
17
17
17
17
17
17
17
17
17
19
19
19
19
19
17
17
17
17
19
19
19
19
19
17
17
17
17
15
13
13
13
13
13
11
11
9
9
9
9
7
7
7
9
9
9
9
7
7
7
7
7
7
7
7
7
7
7
9
9
11
13
13
13
13
13
11
11
11
13
13
13
13
13
13
15
15
15
15
17
17
17
17
17
15
17
17
17
17
17
17
17
19
19
19
19
19
15
15
15
15
15
15
15
15
15
11
11
11
9
9
7
7
8
9
9
7
7
7
7
7
5
5
5
5
5
7
9
9
9
9
11
11
11
11
11
11
11
11
11
11
11
11
11
11
11
11
17
17
17
17
17
19
19
17
15
15
15
15
15
15
15
15
13
13
13
13
13
15
15
15
15
15
15
15
15
15
15
15
15
15
15
15
13
15
15
15
13
13
13
13
13
11
11
9
9
9
9
9
9
8
9
9
9
9
9
9
9
11
11
11
11
11
11
11
11
9
9
9
9
9
9
9
11
11
11
11
13
13
15
15
17
17
17
17
15
15
15
15
15
15
15
15
15
15
16
15
15
15
15
15
15
15
15
15
15
15
13
13
13
15
15
15
13
13
13
13
13
11
13
13
11
11
11
11
11
11
11
9
9
7
7
9
9
9
9
13
13
11
11
11
11
11
11
11
11
11
11
11
11
11
11
11
11
13
13
13
11
11
11
13
13
13
13
13
13
13
15
15
15
11
11
11
13
13
15
17
15
15
15
15
15
15
15
15
15
15
13
13
11
11
12
13
13
13
13
13
11
11
11
11
13
13
13
13
13
